latitude: 42.7312113333
longitude: -73.6786135
